25
14  3 19 14 13  5 11  4 17 10 14  7 16  2 10  2 17 12  9 15  1 13  4 17  2
 3 15  8 14  5  4  7 15  0  0 18 13  8  7 15 14  3  5 16 13 13  6  0 17  8
19 10 14 19 11  7  0  6 16  7 13 20 15  3 11 17 11 19  0 14  7 15  7 13 11
17  5 12  3  2 10 20  9  5 16 15 14  2  3  1  5 12 19  8 13 14 16  1  4 11
20 12 13 13 19 20  5  1  3 20  4  3 12 19  7  8 13  0  7 13 13 18  7 14 10
17  4  0  5 13 16 20  7  8 19 16  9 15  6 13 12  9  5 12  4  0  3  1  9 11
10  9  4 17  0 19  7  7  4  1  0  0 14 12 11  7 20 10  5  3  2 12 10  4 14
 6 19 12 11  4 18 15 12  7 10 17 17 17 16 13  9 20 15  5 11 12  7  7  8  1
 0 17  0  1  2  5 17 15 16 15  2  3 14  3  7  6 13 19 19 16 10  4 10 12  5
 0  5  3  3  8 11  1  6  7  2  8 13  0 17 11  7  0  8 11 19  4 10 10 19  3
 5 14  2 20 12  4 14  7 14 16 15  6 10  0 17 20 10 18  1 13  1  1 15 10 20
 6 11 19 15  4  2 19 20 11  0  1  5 17 11 16 11 12 20  9  5 10 12  4 17  0
 5 12 11  7 13  1 15 18  7  2 16  3  0  4  0  3 11 17  7  2  4  1  9  3 17
10 19  9 11 17 16  9  2 20  3 11 11 17  3  2 15  3 17  1 15 10 13 12 11  0
 4  2 12  6  9  4  7  2 11  7 14 12  3 20  7  2  3  2 19  6 13 12 16 19  3
 6 20  5  4  8 10 11 18 14  0  2 11 19  7  9 12 15 20  8  5 19  0  0 19  3
 0 13  9  5  0 20 16  2  4  0  3 10 14 10  8 10 14  4 18 14  2  5  9 11 16
 6 10  1  4 15 12 13 17  9  2  5  9  6 17 20  5  3 11 19 15 17  2  7 12  3
12  5 16  0  8  9  6 11  6  5 11 10  9  5  2 13 11 18 11  4  7 15  8 11  3
12 16  1  2  7 14  4  2  7  5  2 17  5 14  2 18  0  4 15 13 19  7 15 15  0
 1 14  2 15  3 12 13  4 13  4 20  2  3  6 13 17 19 15  6  5 13 20  2  3  2
 1 17 13 17 13 14  1 10  9  8  5 18 10  6 20  0  2 14 12  3 19 14  5  2 10
 8  9  6 14  6  7 18  4  7  9 16 14 11  7  2  4 20 17  9  9 20  2 14 18 12
 0 20 16 10 17  6 14 12 14 11  8 13 15 13  7 11 14 14  1 16  5 11  9  2 10
 1 15  3 19 18  1  9 11 20  8 12  0  9 18 10 11  6 16  4  8 18 20  7  1 14